7,123
7,122
7,121
7,120
7,119
7,118
7,117
7,116
7,115
7,114
7,113
7,112
7,111
7,110
7,109
7,108
7,107
7,106
7,105
7,104
7,103
7,102
7,101
7,100
7,99
7,98
7,97
7,96
7,95
7,94
7,93
7,92
7,91
7,90
7,89
7,88
7,87
7,86
7,85
7,84
7,83
7,82
7,81
7,80
7,79
7,78
7,77
7,76
7,75
7,74
7,73
7,72
7,71
7,70
7,69
7,68
7,67
7,66
7,65
7,64
7,35
7,34
7,33
7,32
7,31
7,30
7,29
7,28
7,27
7,26
7,25
7,24
7,23
7,22
7,21
7,20
7,19
7,18
7,17
7,16
7,15
7,14
7,13
7,12
7,11
7,10
7,9
7,8
7,7
7,6
7,5
7,4
7,3
7,2
7,1
7,0
5,4
5,3
5,2
5,1
5,0
4,3
2,3
1,3
0,496
0,410
0,324
0,243
0,9
0,0
0,1
0,547
0,300
0,546
0,299
0,545
0,298
0,544
0,297
0,543
0,296
0,542
0,295
0,541
0,294
0,540
0,293
0,539
0,292
0,538
0,291
0,537
0,290
0,536
0,289
0,535
0,288
0,534
0,287
0,533
0,286
0,532
0,285
0,531
0,284
0,530
0,283
0,529
0,282
0,528
0,281
0,527
0,280
0,526
0,279
0,525
0,278
0,524
0,277
0,523
0,276
0,522
0,275
0,521
0,274
0,520
0,273
0,519
0,272
0,518
0,271
0,517
0,270
7,124
7,125
7,127
7,128
7,130
7,131
7,133
7,135
7,136
7,138
7,139
7,141
7,143
7,144
7,146
7,147
7,149
7,150
7,152
7,185
7,186
7,188
7,189
7,191
8,1
8,2
8,4
9,0
9,2
9,3
10,0
10,2
10,3
11,1
11,2
11,4
18,1
18,2
18,4
18,5
18,7
19,0
19,2
19,4
19,5
19,7
20,0
20,2
20,4
20,5
20,7
20,8
20,10
20,11
20,9
20,6
20,3
20,1
19,6
19,3
19,1
18,6
18,3
18,0
11,3
11,0
10,1
9,4
9,1
8,3
8,0
7,190
7,187
7,153
7,151
7,148
7,145
7,142
7,140
7,137
7,134
7,132
7,129
7,126
0,516
0,269
0,515
0,268
0,514
0,267
0,513
0,266
0,512
0,265
0,511
0,264
0,510
0,263
0,509
0,262
0,508
0,261
0,507
0,260
0,506
0,259
0,505
0,258
0,504
0,257
0,503
0,256
0,502
0,255
0,501
0,254
0,500
0,253
0,499
0,252
0,498
0,251
0,497
0,250
0,495
0,249
0,494
0,248
0,493
0,247
0,492
0,246
0,491
0,245
0,490
0,244
0,489
0,242
0,488
0,241
0,487
0,240
0,486
0,239
0,485
0,238
0,484
0,237
0,483
0,236
0,482
0,235
0,481
0,234
0,480
0,233
0,479
0,232
0,478
0,231
0,477
0,230
0,476
0,229
0,475
0,228
0,474
0,227
0,473
0,226
0,472
0,225
0,471
0,224
0,470
0,223
0,469
0,222
0,468
0,221
0,467
0,220
0,466
0,219
0,465
0,218
0,464
0,217
0,463
0,216
0,462
0,215
0,461
0,214
0,460
0,213
0,441
0,212
0,459
0,211
0,458
0,210
0,564
0,209
0,440
0,208
0,563
0,207
0,562
0,206
0,561
0,205
0,457
0,204
0,560
0,203
0,445
0,202
0,559
0,201
0,558
0,200
0,456
0,199
0,455
0,198
0,557
0,197
0,454
0,196
0,448
0,195
0,438
0,194
0,556
0,193
0,437
0,192
0,555
0,63
0,554
0,62
0,553
0,61
0,436
0,60
0,552
0,59
0,551
0,58
0,550
0,57
0,447
0,56
0,446
0,55
0,549
0,54
0,453
0,53
0,452
0,52
0,548
0,51
0,451
0,50
0,439
0,49
0,450
0,48
0,444
0,47
0,443
0,46
0,449
0,45
0,442
0,6
0,5
0,304
0,303
0,306
0,305
0,302
0,12
0,10
0,8
0,11
0,4
0,2
0,3
0,7
